4 3 0
8 3 0
12 3 0
16 3 0
20 3 0
24 3 0
28 3 0
32 3 0
36 3 0
40 3 0
44 3 0
48 3 0
52 3 0
4 5 0
8 5 0
12 5 0
16 5 0
20 5 0
24 5 0
28 5 0
32 5 0
36 5 0
40 5 0
44 5 0
48 5 0
52 5 0
4 7 0
8 7 0
12 7 0
16 7 0
20 7 0
24 7 0
28 7 0
32 7 0
36 7 0
40 7 0
44 7 0
48 7 0
52 7 0
4 9 0
8 9 0
12 9 0
16 9 0
20 9 0
24 9 0
28 9 0
32 9 0
36 9 0
40 9 0
44 9 0
48 9 0
52 9 0
4 11 0
8 11 0
12 11 0
16 11 0
20 11 -1
24 11 1
28 11 0
32 11 0
36 11 0
40 11 0
44 11 0
48 11 0
52 11 0
4 13 0
8 13 0
12 13 0
16 13 0
20 13 -1
24 13 1
28 13 0
32 13 0
36 13 0
40 13 0
44 13 0
48 13 0
52 13 0
4 15 0
8 15 0
12 15 0
16 15 0
20 15 0
24 15 0
28 15 0
32 15 0
36 15 0
40 15 0
44 15 0
48 15 0
52 15 0
4 17 0
8 17 0
12 17 0
16 17 0
20 17 0
24 17 0
28 17 0
32 17 0
36 17 0
40 17 0
44 17 0
48 17 0
52 17 0
4 19 0
8 19 0
12 19 0
16 19 0
20 19 0
24 19 0
28 19 0
32 19 0
36 19 0
40 19 0
44 19 0
48 19 0
52 19 0
4 21 0
8 21 0
12 21 0
16 21 0
20 21 0
24 21 0
28 21 0
32 21 0
36 21 0
40 21 0
44 21 0
48 21 0
52 21 0
4 23 0
8 23 0
12 23 0
16 23 0
20 23 0
24 23 0
28 23 0
32 23 0
36 23 0
40 23 0
44 23 0
48 23 0
52 23 0
4 25 0
8 25 0
12 25 0
16 25 0
20 25 0
24 25 0
28 25 0
32 25 0
36 25 0
40 25 0
44 25 0
48 25 0
52 25 0
4 27 0
8 27 0
12 27 0
16 27 0
20 27 0
24 27 0
28 27 0
32 27 0
36 27 0
40 27 0
44 27 0
48 27 0
52 27 0
